=================================================
TEST 26: Does tid2thread return the right thread?

This is the similar numbersmain program distributed with the
assignment, but with a scheduler that returns a random thread.
(seeded, so reproducible).  After 50 iterations, the last thread runs
through the list of all threads and sees if tid2thread is returning
the right context.



----------
Reference:
----------
Launching LWPS
                   4
    1
                                       8
                   4
         2
              3
                             6
              3
                   4
                                            9
                   4
                                            9
                                  7
              3
                                  7
                   4
                   4
         2
              3
         2
    1
                                  7
                   4
              3
         2
    1
                        5
                             6
                                  7
              3
              3
              3
                             6
         2
                        5
                             6
                   4
                                       8
                             6
              3
              3
              3
                        5
    1
                        5
    1
              3
                        5
                                       8
    1
         2
              3
         2
    1
    1
                             6
         2
                             6
    1
                                  7
                                  7
              3
                                            9
         2
    1
                                       8
         2
                             6
                                       8
                                       8
                                       8
                                       8
                                       8
    1
                                  7
                                            9
                        5
         2
                                  7
                        5
         2
                                       8
                                  7
              3
                             6
              3
                        5
                   4
                        5
         2
                                       8
                                  7
                                  7
                                       8
                                            9
                                  7
                                  7
    1
              3
              3
                   4
                             6
                                  7
                             6
                                            9
                        5
                                  7
                   4
                   4
         2
                   4
         2
                   4
              3
                   4
    1
                             6
                                  7
              3
                                  7
                   4
                   4
                                       8
                        5
                                  7
    1
              3
              3
                                  7
    1
                                       8
                   4
                                  7
                   4
                                            9
                   4
                             6
         2
                   4
                        5
                                       8
    1
                                            9
              3
                        5
                        5
                        5
              3
                        5
                                            9
              3
                                            9
         2
                                  7
                                       8
    1
                                  7
         2
                   4
                             6
                   4
              3
                                       8
                                            9
                        5
                             6
    1
                                            9
                   4
    1
                                       8
                   4
              3
                                            9
                                            9
                                       8
              3
              3
    1
                        5
                                  7
                             6
                                  7
              3
                        5
                                       8
                             6
                        5
              3
         2
              3
                             6
                   4
                                            9
         2
                        5
         2
                                       8
                                       8
    1
         2
                                            9
                                  7
                             6
                                       8
                   4
         2
                                            9
                   4
                                  7
                                  7
                   4
                   4
                             6
                             6
                                       8
         2
                                       8
    1
                                            9
                        5
                             6
                                       8
                                            9
                             6
                                       8
    1
              3
    1
                   4
                             6
              3
         2
                                            9
              3
              3
                                  7
                                            9
                        5
                   4
                                  7
              3
                             6
    1
                             6
    1
                        5
                   4
                        5
         2
                                            9
                   4
    1
                                       8
                   4
                                  7
                             6
                   4
                                  7
                   4
              3
                                       8
                                            9
                             6
                                       8
                   4
    1
                                  7
              3
              3
                             6
                        5
    1
                                  7
                                       8
    1
                                            9
                             6
                        5
                        5
                             6
                   4
                             6
                   4
                                  7
                        5
                                  7
                                            9
                   4
                                  7
                   4
                        5
                        5
                   4
         2
                   4
                             6
                                       8
                        5
              3
                        5
                        5
         2
                                       8
              3
                                            9
                             6
    1
                   4
                                            9
         2
                             6
                                  7
    1
                   4
                                            9
                                       8
         2
                                  7
    1
                                  7
                                       8
         2
                             6
                   4
              3
                                  7
                                  7
                                            9
    1
                                       8
    1
                                            9
         2
                                       8
    1
                                            9
              3
                                  7
                                  7
                        5
                                            9
                        5
                   4
         2
                                       8
    1
                                       8
                                       8
                                  7
                             6
    1
    1
              3
    1
                                       8
    1
              3
                                       8
    1
              3
                             6
                                       8
                                  7
    1
    1
         2
                        5
                             6
         2
              3
         2
    1
                                  7
                             6
              3
                   4
                        5
                                            9
                                       8
                             6
    1
                        5
    1
                        5
                                  7
                                       8
              3
                        5
         2
                                       8
         2
                                            9
         2
                   4
         2
                        5
                                       8
                        5
                                            9
                                  7
                                            9
                        5
                        5
                             6
                             6
                        5
    1
                                  7
                                  7
                                            9
         2
    1
                                       8
                             6
         2
                                       8
                        5
    1
                                            9
                                       8
                             6
                        5
                        5
                        5
         2
         2
         2
                             6
                             6
         2
                             6
         2
                                            9
         2
                                            9
                             6
                                            9
                             6
         2
         2
                                            9
                                            9
                                            9
                                            9
                                            9
                                            9
                                            9
Checking thread IDs...
...done.
----------
Submitted:
----------
Launching LWPS
                   4
    1
                                       8
                   4
         2
              3
                             6
              3
                   4
                                            9
                   4
                                            9
                                  7
              3
                                  7
                   4
                   4
         2
              3
         2
    1
                                  7
                   4
              3
         2
    1
                        5
                             6
                                  7
              3
              3
              3
                             6
         2
                        5
                             6
                   4
                                       8
                             6
              3
              3
              3
                        5
    1
                        5
    1
              3
                        5
                                       8
    1
         2
              3
         2
    1
    1
                             6
         2
                             6
    1
                                  7
                                  7
              3
                                            9
         2
    1
                                       8
         2
                             6
                                       8
                                       8
                                       8
                                       8
                                       8
    1
                                  7
                                            9
                        5
         2
                                  7
                        5
         2
                                       8
                                  7
              3
                             6
              3
                        5
                   4
                        5
         2
                                       8
                                  7
                                  7
                                       8
                                            9
                                  7
                                  7
    1
              3
              3
                   4
                             6
                                  7
                             6
                                            9
                        5
                                  7
                   4
                   4
         2
                   4
         2
                   4
              3
                   4
    1
                             6
                                  7
              3
                                  7
                   4
                   4
                                       8
                        5
                                  7
    1
              3
              3
                                  7
    1
                                       8
                   4
                                  7
                   4
                                            9
                   4
                             6
         2
                   4
                        5
                                       8
    1
                                            9
              3
                        5
                        5
                        5
              3
vtid: 9
                        5
2051852216->9->                                            9
10->              3

                                            9

return: 9
         2
                                  7
                                       8
    1
                                  7
         2
                   4
                             6
                   4
              3
                                       8
                                            9
                        5
                             6
    1
                                            9
                   4
    1
                                       8
                   4
              3
                                            9
                                            9
                                       8
              3
              3
    1
                        5
                                  7
                             6
                                  7
              3
                        5
                                       8
                             6
                        5
              3
         2
              3
                             6
                   4
                                            9
         2
                        5
         2
                                       8
                                       8
    1
         2
                                            9
                                  7
                             6
                                       8
                   4
         2
                                            9
                   4
                                  7
                                  7
                   4
                   4
                             6
                             6
                                       8
         2
                                       8
    1
                                            9
                        5
                             6
                                       8
                                            9
                             6
                                       8
    1
              3
    1
                   4
                             6
              3
         2
                                            9
              3
              3
                                  7
                                            9
                        5
                   4
                                  7
              3
                             6
    1
                             6
    1
                        5
                   4
                        5
         2
                                            9
                   4
    1
                                       8
                   4
                                  7
                             6
                   4
                                  7
                   4
              3
                                       8
                                            9
                             6
                                       8
                   4
    1
                                  7
              3
              3
                             6
                        5
    1
                                  7
                                       8
    1
                                            9
                             6
                        5
                        5
                             6
                   4
                             6
                   4
                                  7
                        5
                                  7
                                            9
                   4
                                  7
                   4
                        5
                        5
                   4
         2
                   4
                             6
                                       8
                        5
              3
                        5
                        5
         2
                                       8
              3
                                            9
                             6
    1
                   4
                                            9
         2
                             6
                                  7
    1
                   4
                                            9
                                       8
         2
                                  7
    1
                                  7
                                       8
         2
                             6
                   4
              3
                                  7
                                  7
                                            9
    1
                                       8
    1
                                            9
         2
                                       8
    1
                                            9
              3
                                  7
                                  7
                        5
                                            9
                        5
                   4
         2
                                       8
    1
                                       8
                                       8
                                  7
                             6
    1
    1
              3
    1
                                       8
    1
              3
                                       8
    1
              3
                             6
                                       8
                                  7
    1
    1
         2
                        5
                             6
         2
              3
         2
    1
                                  7
                             6
              3
                   4
                        5
                                            9
                                       8
                             6
    1
                        5
    1
                        5
                                  7
                                       8
              3
                        5
         2
                                       8
         2
                                            9
         2
                   4
         2
                        5
                                       8
                        5
                                            9
                                  7
                                            9
                        5
                        5
                             6
                             6
                        5
    1
                                  7
                                  7
                                            9
         2
    1
                                       8
                             6
         2
                                       8
                        5
    1
                                            9
                                       8
                             6
                        5
                        5
                        5
         2
         2
         2
                             6
                             6
         2
                             6
         2
                                            9
         2
                                            9
                             6
                                            9
                             6
         2
         2
                                            9
                                            9
                                            9
                                            9
                                            9
                                            9
                                            9
Checking thread IDs...
...done.

---------------------------------
Differences (< reference > output)
---------------------------------

149a150
> vtid: 9
150a152,154
> 2051852216->9->                                            9
> 10->              3
> 
152,153c156,157
<               3
<                                             9
---
> 
> return: 9
---------
=================================================
TEST 27: Tid2thread() returns NULL given a bad tid?

This launches a single thread, then calls tid2thread with 
a threadID that isn't it.  Tid2thread should return NULL.


----------
Reference:
----------
Launching LWPS
Back from LWPS.
----------
Submitted:
----------
vtid: 2
1->2->

return: 2
tid2thread() returned a value with a bogus tid.  Not good
Launching LWPS
Back from LWPS.

---------------------------------
Differences (< reference > output)
---------------------------------

0a1,5
> vtid: 2
> 1->2->
> 
> return: 2
> tid2thread() returned a value with a bogus tid.  Not good
---------
=================================================
TEST 28: Is thread library using sched_{one,two}?

This launches a set of threads, then installs a scheduler that 
intentionally places bogus values in sched_one and sched_two then 
calls tid2thread() a bunch.



----------
Reference:
----------
Launching LWPS
  1
     2
        3
           4
              5
                 6
                    7
                       8
                          9
                            10
                               11
                                  12
                                     13
                                        14
                                           15
                                              16
                                                 17
                                                    18
                                                       19
                                                          20
        3
           4
              5
                 6
                    7
                       8
                          9
                            10
                               11
                                  12
                                     13
                                        14
                                           15
                                              16
                                                 17
                                                    18
                                                       19
                                                          20
     2
        3
           4
              5
                 6
                    7
                       8
                          9
                            10
                               11
                                  12
                                     13
                                        14
                                           15
                                              16
                                                 17
                                                    18
                                                       19
                                                          20
           4
              5
                 6
                    7
                       8
                          9
                            10
                               11
                                  12
                                     13
                                        14
                                           15
                                              16
                                                 17
                                                    18
                                                       19
                                                          20
              5
                 6
                    7
                       8
                          9
                            10
                               11
                                  12
                                     13
                                        14
                                           15
                                              16
                                                 17
                                                    18
                                                       19
                                                          20
                 6
                    7
                       8
                          9
                            10
                               11
                                  12
                                     13
                                        14
                                           15
                                              16
                                                 17
                                                    18
                                                       19
                                                          20
                    7
                       8
                          9
                            10
                               11
                                  12
                                     13
                                        14
                                           15
                                              16
                                                 17
                                                    18
                                                       19
                                                          20
                       8
                          9
                            10
                               11
                                  12
                                     13
                                        14
                                           15
                                              16
                                                 17
                                                    18
                                                       19
                                                          20
                          9
                            10
                               11
                                  12
                                     13
                                        14
                                           15
                                              16
                                                 17
                                                    18
                                                       19
                                                          20
                            10
                               11
                                  12
                                     13
                                        14
                                           15
                                              16
                                                 17
                                                    18
                                                       19
                                                          20
                               11
                                  12
                                     13
                                        14
                                           15
                                              16
                                                 17
                                                    18
                                                       19
                                                          20
                                  12
                                     13
                                        14
                                           15
                                              16
                                                 17
                                                    18
                                                       19
                                                          20
                                     13
                                        14
                                           15
                                              16
                                                 17
                                                    18
                                                       19
                                                          20
                                        14
                                           15
                                              16
                                                 17
                                                    18
                                                       19
                                                          20
                                           15
                                              16
                                                 17
                                                    18
                                                       19
                                                          20
                                              16
                                                 17
                                                    18
                                                       19
                                                          20
                                                 17
                                                    18
                                                       19
                                                          20
                                                    18
                                                       19
                                                          20
                                                       19
                                                          20
                                                          20
Back from LWPS.
----------
Submitted:
----------
vtid: 1
1->2->3->4->5->6->7->8->9->10->11->12->13->14->15->16->17->18->19->20->21->

return: 1
vtid: 2
1->2->3->4->5->6->7->8->9->10->11->12->13->14->15->16->17->18->19->20->21->

return: 2
vtid: 3
1->2->3->4->5->6->7->8->9->10->11->12->13->14->15->16->17->18->19->20->21->

return: 3
vtid: 4
1->2->3->4->5->6->7->8->9->10->11->12->13->14->15->16->17->18->19->20->21->

return: 4
vtid: 5
1->2->3->4->5->6->7->8->9->10->11->12->13->14->15->16->17->18->19->20->21->

return: 5
vtid: 6
1->2->3->4->5->6->7->8->9->10->11->12->13->14->15->16->17->18->19->20->21->

return: 6
vtid: 7
1->2->3->4->5->6->7->8->9->10->11->12->13->14->15->16->17->18->19->20->21->

return: 7
vtid: 8
1->2->3->4->5->6->7->8->9->10->11->12->13->14->15->16->17->18->19->20->21->

return: 8
vtid: 9
1->2->3->4->5->6->7->8->9->10->11->12->13->14->15->16->17->18->19->20->21->

return: 9
vtid: 10
1->2->3->4->5->6->7->8->9->10->11->12->13->14->15->16->17->18->19->20->21->

return: 10
vtid: 11
1->2->3->4->5->6->7->8->9->10->11->12->13->14->15->16->17->18->19->20->21->

return: 11
vtid: 12
1->2->3->4->5->6->7->8->9->10->11->12->13->14->15->16->17->18->19->20->21->

return: 12
vtid: 13
1->2->3->4->5->6->7->8->9->10->11->12->13->14->15->16->17->18->19->20->21->

return: 13
vtid: 14
1->2->3->4->5->6->7->8->9->10->11->12->13->14->15->16->17->18->19->20->21->

return: 14
vtid: 15
1->2->3->4->5->6->7->8->9->10->11->12->13->14->15->16->17->18->19->20->21->

return: 15
vtid: 16
1->2->3->4->5->6->7->8->9->10->11->12->13->14->15->16->17->18->19->20->21->

return: 16
vtid: 17
1->2->3->4->5->6->7->8->9->10->11->12->13->14->15->16->17->18->19->20->21->

return: 17
vtid: 18
1->2->3->4->5->6->7->8->9->10->11->12->13->14->15->16->17->18->19->20->21->

return: 18
vtid: 19
1->2->3->4->5->6->7->8->9->10->11->12->13->14->15->16->17->18->19->20->21->

return: 19
vtid: 20
1->2->3->4->5->6->7->8->9->10->11->12->13->14->15->16->17->18->19->20->21->

return: 20
vtid: 21
1->2->3->4->5->6->7->8->9->10->11->12->13->14->15->16->17->18->19->20->21->

return: 21
vtid: 1
1->2->3->4->5->6->7->8->9->10->11->12->13->14->15->16->17->18->19->20->21->

return: 1
vtid: 3
1->2->3->4->5->6->7->8->9->10->11->12->13->14->15->16->17->18->19->20->21->

return: 3
vtid: 4
1->2->3->4->5->6->7->8->9->10->11->12->13->14->15->16->17->18->19->20->21->

return: 4
vtid: 5
1->2->3->4->5->6->7->8->9->10->11->12->13->14->15->16->17->18->19->20->21->

return: 5
vtid: 6
1->2->3->4->5->6->7->8->9->10->11->12->13->14->15->16->17->18->19->20->21->

return: 6
vtid: 7
1->2->3->4->5->6->7->8->9->10->11->12->13->14->15->16->17->18->19->20->21->

return: 7
vtid: 8
1->2->3->4->5->6->7->8->9->10->11->12->13->14->15->16->17->18->19->20->21->

return: 8
vtid: 9
1->2->3->4->5->6->7->8->9->10->11->12->13->14->15->16->17->18->19->20->21->

return: 9
vtid: 10
1->2->3->4->5->6->7->8->9->10->11->12->13->14->15->16->17->18->19->20->21->

return: 10
vtid: 11
1->2->3->4->5->6->7->8->9->10->11->12->13->14->15->16->17->18->19->20->21->

return: 11
vtid: 12
1->2->3->4->5->6->7->8->9->10->11->12->13->14->15->16->17->18->19->20->21->

return: 12
vtid: 13
1->2->3->4->5->6->7->8->9->10->11->12->13->14->15->16->17->18->19->20->21->

return: 13
vtid: 14
1->2->3->4->5->6->7->8->9->10->11->12->13->14->15->16->17->18->19->20->21->

return: 14
vtid: 15
1->2->3->4->5->6->7->8->9->10->11->12->13->14->15->16->17->18->19->20->21->

return: 15
vtid: 16
1->2->3->4->5->6->7->8->9->10->11->12->13->14->15->16->17->18->19->20->21->

return: 16
vtid: 17
1->2->3->4->5->6->7->8->9->10->11->12->13->14->15->16->17->18->19->20->21->

return: 17
vtid: 18
1->2->3->4->5->6->7->8->9->10->11->12->13->14->15->16->17->18->19->20->21->

return: 18
vtid: 19
1->2->3->4->5->6->7->8->9->10->11->12->13->14->15->16->17->18->19->20->21->

return: 19
vtid: 20
1->2->3->4->5->6->7->8->9->10->11->12->13->14->15->16->17->18->19->20->21->

return: 20
vtid: 21
1->2->3->4->5->6->7->8->9->10->11->12->13->14->15->16->17->18->19->20->21->

return: 21
vtid: 2
1215444920->2->3->4->5->6->7->8->9->10->11->12->13->14->15->16->17->18->19->20->21->

return: 2
vtid: 3
1215444920->2->3->4->5->6->7->8->9->10->11->12->13->14->15->16->17->18->19->20->21->

return: 3
vtid: 4
1215444920->2->3->4->5->6->7->8->9->10->11->12->13->14->15->16->17->18->19->20->21->

return: 4
vtid: 5
1215444920->2->3->4->5->6->7->8->9->10->11->12->13->14->15->16->17->18->19->20->21->

return: 5
vtid: 6
1215444920->2->3->4->5->6->7->8->9->10->11->12->13->14->15->16->17->18->19->20->21->

return: 6
vtid: 7
1215444920->2->3->4->5->6->7->8->9->10->11->12->13->14->15->16->17->18->19->20->21->

return: 7
vtid: 8
1215444920->2->3->4->5->6->7->8->9->10->11->12->13->14->15->16->17->18->19->20->21->

return: 8
vtid: 9
1215444920->2->3->4->5->6->7->8->9->10->11->12->13->14->15->16->17->18->19->20->21->

return: 9
vtid: 10
1215444920->2->3->4->5->6->7->8->9->10->11->12->13->14->15->16->17->18->19->20->21->

return: 10
vtid: 11
1215444920->2->3->4->5->6->7->8->9->10->11->12->13->14->15->16->17->18->19->20->21->

return: 11
vtid: 12
1215444920->2->3->4->5->6->7->8->9->10->11->12->13->14->15->16->17->18->19->20->21->

return: 12
vtid: 13
1215444920->2->3->4->5->6->7->8->9->10->11->12->13->14->15->16->17->18->19->20->21->

return: 13
vtid: 14
1215444920->2->3->4->5->6->7->8->9->10->11->12->13->14->15->16->17->18->19->20->21->

return: 14
vtid: 15
1215444920->2->3->4->5->6->7->8->9->10->11->12->13->14->15->16->17->18->19->20->21->

return: 15
vtid: 16
1215444920->2->3->4->5->6->7->8->9->10->11->12->13->14->15->16->17->18->19->20->21->

return: 16
vtid: 17
1215444920->2->3->4->5->6->7->8->9->10->11->12->13->14->15->16->17->18->19->20->21->

return: 17
vtid: 18
1215444920->2->3->4->5->6->7->8->9->10->11->12->13->14->15->16->17->18->19->20->21->

return: 18
vtid: 19
1215444920->2->3->4->5->6->7->8->9->10->11->12->13->14->15->16->17->18->19->20->21->

return: 19
vtid: 20
1215444920->2->3->4->5->6->7->8->9->10->11->12->13->14->15->16->17->18->19->20->21->

return: 20
vtid: 2
1215444920->2->3->4->5->6->7->8->9->10->11->12->13->14->15->16->17->18->19->20->21->

return: 2
vtid: 4
1215444920->2->3->4->5->6->7->8->9->10->11->12->13->14->15->16->17->18->19->20->21->

return: 4
vtid: 5
1215444920->2->3->4->5->6->7->8->9->10->11->12->13->14->15->16->17->18->19->20->21->

return: 5
vtid: 6
1215444920->2->3->4->5->6->7->8->9->10->11->12->13->14->15->16->17->18->19->20->21->

return: 6
vtid: 7
1215444920->2->3->4->5->6->7->8->9->10->11->12->13->14->15->16->17->18->19->20->21->

return: 7
vtid: 8
1215444920->2->3->4->5->6->7->8->9->10->11->12->13->14->15->16->17->18->19->20->21->

return: 8
vtid: 9
1215444920->2->3->4->5->6->7->8->9->10->11->12->13->14->15->16->17->18->19->20->21->

return: 9
vtid: 10
1215444920->2->3->4->5->6->7->8->9->10->11->12->13->14->15->16->17->18->19->20->21->

return: 10
vtid: 11
1215444920->2->3->4->5->6->7->8->9->10->11->12->13->14->15->16->17->18->19->20->21->

return: 11
vtid: 12
1215444920->2->3->4->5->6->7->8->9->10->11->12->13->14->15->16->17->18->19->20->21->

return: 12
vtid: 13
1215444920->2->3->4->5->6->7->8->9->10->11->12->13->14->15->16->17->18->19->20->21->

return: 13
vtid: 14
1215444920->2->3->4->5->6->7->8->9->10->11->12->13->14->15->16->17->18->19->20->21->

return: 14
vtid: 15
1215444920->2->3->4->5->6->7->8->9->10->11->12->13->14->15->16->17->18->19->20->21->

return: 15
vtid: 16
1215444920->2->3->4->5->6->7->8->9->10->11->12->13->14->15->16->17->18->19->20->21->

return: 16
vtid: 17
1215444920->2->3->4->5->6->7->8->9->10->11->12->13->14->15->16->17->18->19->20->21->

return: 17
vtid: 18
1215444920->2->3->4->5->6->7->8->9->10->11->12->13->14->15->16->17->18->19->20->21->

return: 18
vtid: 19
1215444920->2->3->4->5->6->7->8->9->10->11->12->13->14->15->16->17->18->19->20->21->

return: 19
vtid: 20
1215444920->2->3->4->5->6->7->8->9->10->11->12->13->14->15->16->17->18->19->20->21->

return: 20
vtid: 21
1215444920->2->3->4->5->6->7->8->9->10->11->12->13->14->15->16->17->18->19->20->21->

return: 21
vtid: 3
1215444920->3->4->5->6->7->8->9->10->11->12->13->14->15->16->17->18->19->20->21->

return: 3
vtid: 5
1215444920->3->4->5->6->7->8->9->10->11->12->13->14->15->16->17->18->19->20->21->

return: 5
vtid: 6
1215444920->3->4->5->6->7->8->9->10->11->12->13->14->15->16->17->18->19->20->21->

return: 6
vtid: 7
1215444920->3->4->5->6->7->8->9->10->11->12->13->14->15->16->17->18->19->20->21->

return: 7
vtid: 8
1215444920->3->4->5->6->7->8->9->10->11->12->13->14->15->16->17->18->19->20->21->

return: 8
vtid: 9
1215444920->3->4->5->6->7->8->9->10->11->12->13->14->15->16->17->18->19->20->21->

return: 9
vtid: 10
1215444920->3->4->5->6->7->8->9->10->11->12->13->14->15->16->17->18->19->20->21->

return: 10
vtid: 11
1215444920->3->4->5->6->7->8->9->10->11->12->13->14->15->16->17->18->19->20->21->

return: 11
vtid: 12
1215444920->3->4->5->6->7->8->9->10->11->12->13->14->15->16->17->18->19->20->21->

return: 12
vtid: 13
1215444920->3->4->5->6->7->8->9->10->11->12->13->14->15->16->17->18->19->20->21->

return: 13
vtid: 14
1215444920->3->4->5->6->7->8->9->10->11->12->13->14->15->16->17->18->19->20->21->

return: 14
vtid: 15
1215444920->3->4->5->6->7->8->9->10->11->12->13->14->15->16->17->18->19->20->21->

return: 15
vtid: 16
1215444920->3->4->5->6->7->8->9->10->11->12->13->14->15->16->17->18->19->20->21->

return: 16
vtid: 17
1215444920->3->4->5->6->7->8->9->10->11->12->13->14->15->16->17->18->19->20->21->

return: 17
vtid: 18
1215444920->3->4->5->6->7->8->9->10->11->12->13->14->15->16->17->18->19->20->21->

return: 18
vtid: 19
1215444920->3->4->5->6->7->8->9->10->11->12->13->14->15->16->17->18->19->20->21->

return: 19
vtid: 20
1215444920->3->4->5->6->7->8->9->10->11->12->13->14->15->16->17->18->19->20->21->

return: 20
vtid: 21
1215444920->3->4->5->6->7->8->9->10->11->12->13->14->15->16->17->18->19->20->21->

return: 21
vtid: 4
1215444920->4->5->6->7->8->9->10->11->12->13->14->15->16->17->18->19->20->21->

return: 4
vtid: 6
1215444920->4->5->6->7->8->9->10->11->12->13->14->15->16->17->18->19->20->21->

return: 6
vtid: 7
1215444920->4->5->6->7->8->9->10->11->12->13->14->15->16->17->18->19->20->21->

return: 7
vtid: 8
1215444920->4->5->6->7->8->9->10->11->12->13->14->15->16->17->18->19->20->21->

return: 8
vtid: 9
1215444920->4->5->6->7->8->9->10->11->12->13->14->15->16->17->18->19->20->21->

return: 9
vtid: 10
1215444920->4->5->6->7->8->9->10->11->12->13->14->15->16->17->18->19->20->21->

return: 10
vtid: 11
1215444920->4->5->6->7->8->9->10->11->12->13->14->15->16->17->18->19->20->21->

return: 11
vtid: 12
1215444920->4->5->6->7->8->9->10->11->12->13->14->15->16->17->18->19->20->21->

return: 12
vtid: 13
1215444920->4->5->6->7->8->9->10->11->12->13->14->15->16->17->18->19->20->21->

return: 13
vtid: 14
1215444920->4->5->6->7->8->9->10->11->12->13->14->15->16->17->18->19->20->21->

return: 14
vtid: 15
1215444920->4->5->6->7->8->9->10->11->12->13->14->15->16->17->18->19->20->21->

return: 15
vtid: 16
1215444920->4->5->6->7->8->9->10->11->12->13->14->15->16->17->18->19->20->21->

return: 16
vtid: 17
1215444920->4->5->6->7->8->9->10->11->12->13->14->15->16->17->18->19->20->21->

return: 17
vtid: 18
1215444920->4->5->6->7->8->9->10->11->12->13->14->15->16->17->18->19->20->21->

return: 18
vtid: 19
1215444920->4->5->6->7->8->9->10->11->12->13->14->15->16->17->18->19->20->21->

return: 19
vtid: 20
1215444920->4->5->6->7->8->9->10->11->12->13->14->15->16->17->18->19->20->21->

return: 20
vtid: 21
1215444920->4->5->6->7->8->9->10->11->12->13->14->15->16->17->18->19->20->21->

return: 21
vtid: 5
1215444920->5->6->7->8->9->10->11->12->13->14->15->16->17->18->19->20->21->

return: 5
vtid: 7
1215444920->5->6->7->8->9->10->11->12->13->14->15->16->17->18->19->20->21->

return: 7
vtid: 8
1215444920->5->6->7->8->9->10->11->12->13->14->15->16->17->18->19->20->21->

return: 8
vtid: 9
1215444920->5->6->7->8->9->10->11->12->13->14->15->16->17->18->19->20->21->

return: 9
vtid: 10
1215444920->5->6->7->8->9->10->11->12->13->14->15->16->17->18->19->20->21->

return: 10
vtid: 11
1215444920->5->6->7->8->9->10->11->12->13->14->15->16->17->18->19->20->21->

return: 11
vtid: 12
1215444920->5->6->7->8->9->10->11->12->13->14->15->16->17->18->19->20->21->

return: 12
vtid: 13
1215444920->5->6->7->8->9->10->11->12->13->14->15->16->17->18->19->20->21->

return: 13
vtid: 14
1215444920->5->6->7->8->9->10->11->12->13->14->15->16->17->18->19->20->21->

return: 14
vtid: 15
1215444920->5->6->7->8->9->10->11->12->13->14->15->16->17->18->19->20->21->

return: 15
vtid: 16
1215444920->5->6->7->8->9->10->11->12->13->14->15->16->17->18->19->20->21->

return: 16
vtid: 17
1215444920->5->6->7->8->9->10->11->12->Launching LWPS
13->  1
14->     2
15->        3
16->           4
17->              5
18->                 6
19->                    7
20->                       8
21->                          9

                            10

return: 17
                               11
vtid: 18
                                  12
1215444920->5->                                     13
6->7->                                        14
8->9->                                           15
10->11->                                              16
12->13->                                                 17
14->15->                                                    18
16->17->                                                       19
18->19->                                                          20
20->        3
21->           4

              5

return: 18
                 6
vtid: 19
                    7
1215444920->                       8
5->                          9
6->                            10
7->                               11
8->                                  12
9->                                     13
10->11->                                        14
12->13->                                           15
14->15->                                              16
16->17->                                                 17
18->19->                                                    18
20->21->                                                       19


return: 19
                                                          20
vtid: 20
     2
1215444920->        3
5->           4
6->              5
7->                 6
8->                    7
9->                       8
10->11->                          9
12->13->                            10
14->15->                               11
16->17->                                  12
18->19->                                     13
20->21->                                        14


return: 20
                                           15
vtid: 21
1215444920->                                              16
5->6->                                                 17
7->8->9->                                                    18
10->11->                                                       19
12->13->14->                                                          20
15->           4
16->17->              5
18->                 6
19->20->                    7
21->                       8
                          9
                            10
                               11
                                  12

                                     13

return: 21
                                        14
                                           15
                                              16
                                                 17
                                                    18
                                                       19
                                                          20
              5
                 6
                    7
                       8
                          9
                            10
                               11
                                  12
                                     13
                                        14
vtid: 6
                                           15
1215444920->                                              16
6->7->                                                 17
8->9->                                                    18
10->11->                                                       19
12->13->                                                          20
14->                 6
15->                    7
16->                       8
17->                          9
18->                            10
19->                               11
20->                                  12
21->                                     13

                                        14

return: 6
                                           15
vtid: 8
                                              16
1215444920->6->                                                 17
7->8->                                                    18
9->10->11->                                                       19
12->13->14->                                                          20
15->                    7
16->17->                       8
18->19->                          9
20->21->                            10


return: 8
                               11
vtid: 9
                                  12
1215444920->                                     13
6->                                        14
7->8->9->10->11->12->13->14->15->16->17->18->19->20->21->

return: 9
vtid: 10
1215444920->6->7->8->9->10->11->12->13->14->15->16->17->18->19->20->21->

return: 10
vtid: 11
1215444920->6->7->8->9->10->11->12->13->14->15->16->17->18->19->20->21->

return: 11
vtid: 12
1215444920->6->7->8->9->10->11->12->13->14->15->16->17->18->19->20->21->

return: 12
vtid: 13
1215444920->6->7->8->9->10->11->12->13->14->15->16->17->18->19->20->21->

return: 13
vtid: 14
1215444920->6->7->8->9->10->11->12->13->14->15->16->17->18->19->20->21->

return: 14
vtid: 15
1215444920->6->7->8->9->10->11->12->13->14->15->16->17->18->19->20->21->

return: 15
vtid: 16
1215444920->6->7->8->9->10->11->12->13->14->15->16->17->18->19->20->21->

return: 16
vtid: 17
1215444920->6->7->8->9->10->11->12->13->14->15->16->17->18->19->20->21->

return: 17
vtid: 18
1215444920->6->7->8->9->10->11->12->13->14->15->16->17->18->19->20->21->

return: 18
vtid: 19
1215444920->6->7->8->9->10->11->12->13->14->15->16->17->18->19->20->21->

return: 19
vtid: 20
1215444920->6->7->8->9->10->11->12->13->14->15->16->17->18->19->20->21->

return: 20
vtid: 21
1215444920->6->7->8->9->10->11->12->13->14->15->16->17->18->19->20->21->

return: 21
vtid: 7
1215444920->7->8->9->10->11->12->13->14->15->16->17->18->19->20->21->

return: 7
vtid: 9
1215444920->7->8->9->10->11->12->13->14->15->16->17->18->19->20->21->

return: 9
vtid: 10
1215444920->7->8->9->10->11->12->13->14->15->16->17->18->19->20->21->

return: 10
vtid: 11
1215444920->7->8->9->10->11->12->13->14->15->16->17->18->19->20->21->

return: 11
vtid: 12
1215444920->7->8->9->10->11->12->13->14->15->16->17->18->19->20->21->

return: 12
vtid: 13
1215444920->7->8->9->10->11->12->13->14->15->16->17->18->19->20->21->

return: 13
vtid: 14
1215444920->7->8->9->10->11->12->13->14->15->16->17->18->19->20->21->

return: 14
vtid: 15
1215444920->7->8->9->10->11->12->13->14->15->16->17->18->19->20->21->

return: 15
vtid: 16
1215444920->7->8->9->10->11->12->13->14->15->16->17->18->19->20->21->

return: 16
vtid: 17
1215444920->7->8->9->10->11->12->13->14->15->16->17->18->19->20->21->

return: 17
vtid: 18
1215444920->7->8->9->10->11->12->13->14->15->16->17->18->19->20->21->

return: 18
vtid: 19
1215444920->7->8->9->10->11->12->13->14->15->16->17->18->19->20->21->

return: 19
vtid: 20
1215444920->7->8->9->10->11->12->13->14->15->16->17->18->19->20->21->

return: 20
vtid: 21
1215444920->7->8->9->10->11->12->13->14->15->16->17->18->19->20->21->

return: 21
vtid: 8
1215444920->8->9->10->11->12->13->14->15->16->17->18->19->20->21->

return: 8
vtid: 10
1215444920->8->9->10->11->12->13->14->15->16->17->18->19->20->21->

return: 10
vtid: 11
1215444920->8->9->10->11->12->13->14->15->16->17->18->19->20->21->

return: 11
vtid: 12
1215444920->8->9->10->11->12->13->14->15->16->17->18->19->20->21->

return: 12
vtid: 13
1215444920->8->9->10->11->12->13->14->15->16->17->18->19->20->21->

return: 13
vtid: 14
1215444920->8->9->10->11->12->13->14->15->16->17->18->19->20->21->

return: 14
vtid: 15
1215444920->8->9->10->11->12->13->14->15->16->17->18->19->20->21->

return: 15
vtid: 16
1215444920->8->9->10->11->12->13->14->15->16->17->18->19->20->21->

return: 16
vtid: 17
1215444920->8->9->10->11->12->13->14->15->16->17->18->19->20->21->

return: 17
vtid: 18
1215444920->8->9->10->11->12->13->14->15->16->17->18->19->20->21->

return: 18
vtid: 19
1215444920->8->9->10->11->12->13->14->15->16->17->18->19->20->21->

return: 19
vtid: 20
1215444920->8->9->10->11->12->13->14->15->16->17->18->19->20->21->

return: 20
vtid: 21
1215444920->8->9->10->11->12->13->14->15->16->17->18->19->20->21->

return: 21
vtid: 9
1215444920->9->10->11->12->13->14->15->16->17->18->19->20->21->

return: 9
vtid: 11
1215444920->9->10->11->12->13->14->15->16->17->18->19->20->21->

return: 11
vtid: 12
1215444920->9->10->11->12->13->14->15->16->17->18->19->20->21->

return: 12
vtid: 13
1215444920->9->10->11->12->13->14->15->16->17->18->19->20->21->

return: 13
vtid: 14
1215444920->9->10->11->12->13->14->15->16->17->18->19->20->21->

return: 14
vtid: 15
1215444920->9->10->11->12->13->14->15->16->17->18->19->20->21->

return: 15
vtid: 16
1215444920->9->10->11->12->13->14->15->16->17->18->19->20->21->

return: 16
vtid: 17
1215444920->9->10->11->12->13->14->15->16->17->18->19->20->21->

return: 17
vtid: 18
1215444920->9->10->11->12->13->14->15->16->17->18->19->20->21->

return: 18
vtid: 19
1215444920->9->10->11->12->13->14->15->16->17->18->19->20->21->

return: 19
vtid: 20
1215444920->9->10->11->12->13->14->15->16->17->18->19->20->21->

return: 20
vtid: 21
1215444920->9->10->11->12->13->14->15->16->17->18->19->20->21->

return: 21
vtid: 10
1215444920->10->11->12->13->14->15->16->17->18->19->20->21->

return: 10
vtid: 12
1215444920->10->11->12->13->14->15->16->17->18->19->20->21->

return: 12
vtid: 13
1215444920->10->11->12->13->14->15->16->17->18->19->20->21->

return: 13
vtid: 14
1215444920->10->11->12->13->14->15->16->17->18->19->20->21->

return: 14
vtid: 15
1215444920->10->11->12->13->14->15->16->17->18->19->20->21->

return: 15
vtid: 16
1215444920->10->11->12->13->14->15->16->17->18->19->20->21->

return: 16
vtid: 17
1215444920->10->11->12->13->14->15->16->17->18->19->20->21->

return: 17
vtid: 18
1215444920->10->11->12->13->14->15->16->17->18->19->20->21->

return: 18
vtid: 19
1215444920->10->11->12->13->14->15->16->17->18->19->20->21->

return: 19
vtid: 20
1215444920->10->11->12->13->14->15->16->17->18->19->20->21->

return: 20
vtid: 21
1215444920->10->11->12->13->14->15->16->17->18->19->20->21->

return: 21
vtid: 11
1215444920->11->12->13->14->15->16->17->18->19->20->21->

return: 11
vtid: 13
1215444920->11->12->13->14->15->16->17->18->19->20->21->

return: 13
vtid: 14
1215444920->11->12->13->14->15->16->17->18->19->20->21->

return: 14
vtid: 15
1215444920->11->12->13->14->15->16->17->18->19->20->21->

return: 15
vtid: 16
1215444920->11->12->13->14->15->16->17->18->19->20->21->

return: 16
vtid: 17
1215444920->11->12->13->14->15->16->17->18->19->20->21->

return: 17
vtid: 18
1215444920->11->12->13->14->15->16->17->18->19->20->21->

return: 18
vtid: 19
1215444920->11->12->13->14->15->16->17->18->19->20->21->

return: 19
vtid: 20
1215444920->11->12->13->14->15->16->17->18->19->20->21->

return: 20
vtid: 21
1215444920->11->12->13->14->15->16->17->18->19->20->21->

return: 21
vtid: 12
1215444920->12->13->14->15->16->17->18->19->20->21->

return: 12
vtid: 14
1215444920->12->13->14->15->16->17->18->19->20->21->

return: 14
vtid: 15
1215444920->12->13->14->15->16->17->18->19->20->21->

return: 15
vtid: 16
1215444920->12->13->14->15->16->17->18->19->20->21->

return: 16
vtid: 17
1215444920->12->13->14->15->16->17->18->19->20->21->

return: 17
vtid: 18
1215444920->12->13->14->15->16->17->18->19->20->21->

return: 18
vtid: 19
1215444920->12->13->14->15->16->17->18->19->20->21->

return: 19
vtid: 20
1215444920->12->13->14->15->16->17->18->19->20->21->

return: 20
vtid: 21
1215444920->12->13->14->15->16->17->18->19->20->21->

return: 21
vtid: 13
1215444920->13->14->15->16->17->18->19->20->21->

return: 13
vtid: 15
1215444920->13->14->15->16->17->18->19->20->21->

return: 15
vtid: 16
1215444920->13->14->15->16->17->18->19->20->21->

return: 16
vtid: 17
1215444920->13->14->15->16->17->18->19->20->21->

return: 17
vtid: 18
1215444920->13->14->15->16->17->18->19->20->21->

return: 18
vtid: 19
1215444920->13->14->15->16->17->18->19->20->21->

return: 19
vtid: 20
1215444920->13->14->15->16->17->18->19->20->21->

return: 20
vtid: 21
1215444920->13->14->15->16->17->18->19->20->21->

return: 21
vtid: 14
1215444920->14->15->16->17->18->19->20->21->

return: 14
vtid: 16
1215444920->14->15->16->17->18->19->20->21->

return: 16
vtid: 17
1215444920->14->15->16->17->18->19->20->21->

return: 17
vtid: 18
1215444920->14->15->16->17->18->19->20->21->

return: 18
vtid: 19
1215444920->14->15->16->17->18->19->20->21->

return: 19
vtid: 20
1215444920->14->15->16->17->18->19->20->                                           15
21->
                                              16

return: 20
                                                 17
vtid: 21
1215444920->                                                    18
14->15->16->                                                       19
17->18->                                                          20
19->                       8
20->                          9
21->                            10

                               11

return: 21
                                  12
                                     13
                                        14
                                           15
                                              16
                                                 17
                                                    18
                                                       19
                                                          20
                          9
                            10
                               11
                                  12
                                     13
                                        14
                                           15
                                              16
                                                 17
vtid: 15
                                                    18
1215444920->15->                                                       19
16->17->                                                          20
18->                            10
19->                               11
20->                                  12
21->
                                     13

return: 15
                                        14
vtid: 17
                                           15
1215444920->15->                                              16
16->17->                                                 17
18->19->                                                    18
20->21->                                                       19


return: 17
                                                          20
vtid: 18
                               11
1215444920->                                  12
15->                                     13
16->17->                                        14
18->                                           15
19->20->                                              16
21->
                                                 17

return: 18
                                                    18
vtid: 19
                                                       19
1215444920->15->                                                          20
16->                                  12
17->18->19->                                     13
20->21->                                        14


return: 19
                                           15
vtid: 20
                                              16
1215444920->15->                                                 17
16->17->                                                    18
18->19->20->                                                       19
21->

return: 20
vtid: 21
1215444920->15->16->17->18->19->20->21->

return: 21
                                                          20
                                     13
                                        14
                                           15
                                              16
                                                 17
                                                    18
                                                       19
                                                          20
                                        14
                                           15
                                              16
                                                 17
vtid: 16
                                                    18
1215444920->16->                                                       19
17->18->                                                          20
19->20->                                           15
21->
                                              16

return: 16
                                                 17
vtid: 18
1215444920->                                                    18
16->17->                                                       19
18->19->                                                          20
20->                                              16
21->
                                                 17

return: 18
                                                    18
vtid: 19
1215444920->16->17->18->19->20->21->

return: 19
vtid: 20
1215444920->16->17->18->19->20->21->

return: 20
vtid: 21
1215444920->16->17->18->19->20->21->

return: 21
vtid: 17
1215444920->17->18->19->20->21->

return: 17
vtid: 19
1215444920->17->18->19->20->21->

return: 19
vtid: 20
1215444920->17->18->19->20->21->

return: 20
vtid: 21
1215444920->17->18->19->20->21->

return: 21
vtid: 18
1215444920->18->19->20->21->

return: 18
vtid: 20
1215444920->18->19->20->21->

return: 20
vtid: 21
1215444920->18->19->20->21->

return: 21
vtid: 19
1215444920->19->20->21->

return: 19
vtid: 21
1215444920->19->20->21->

return: 21
vtid: 20
1215444920->20->21->

return: 20
vtid: 21
1215444920->20->21->

return: 21
                                                       19
                                                          20
                                                 17
                                                    18
                                                       19
                                                          20
                                                    18
                                                       19
                                                          20
                                                       19
                                                          20
                                                          20
Back from LWPS.

---------------------------------
Differences (< reference > output)
---------------------------------

1,10c1,512
< Launching LWPS
<   1
<      2
<         3
<            4
<               5
<                  6
<                     7
<                        8
<                           9
---
> vtid: 1
> 1->2->3->4->5->6->7->8->9->10->11->12->13->14->15->16->17->18->19->20->21->
> 
> return: 1
> vtid: 2
> 1->2->3->4->5->6->7->8->9->10->11->12->13->14->15->16->17->18->19->20->21->
> 
> return: 2
> vtid: 3
> 1->2->3->4->5->6->7->8->9->10->11->12->13->14->15->16->17->18->19->20->21->
> 
> return: 3
> vtid: 4
> 1->2->3->4->5->6->7->8->9->10->11->12->13->14->15->16->17->18->19->20->21->
> 
> return: 4
> vtid: 5
> 1->2->3->4->5->6->7->8->9->10->11->12->13->14->15->16->17->18->19->20->21->
> 
> return: 5
> vtid: 6
> 1->2->3->4->5->6->7->8->9->10->11->12->13->14->15->16->17->18->19->20->21->
> 
> return: 6
> vtid: 7
> 1->2->3->4->5->6->7->8->9->10->11->12->13->14->15->16->17->18->19->20->21->
> 
> return: 7
> vtid: 8
> 1->2->3->4->5->6->7->8->9->10->11->12->13->14->15->16->17->18->19->20->21->
> 
> return: 8
> vtid: 9
> 1->2->3->4->5->6->7->8->9->10->11->12->13->14->15->16->17->18->19->20->21->
> 
> return: 9
> vtid: 10
> 1->2->3->4->5->6->7->8->9->10->11->12->13->14->15->16->17->18->19->20->21->
> 
> return: 10
> vtid: 11
> 1->2->3->4->5->6->7->8->9->10->11->12->13->14->15->16->17->18->19->20->21->
> 
> return: 11
> vtid: 12
> 1->2->3->4->5->6->7->8->9->10->11->12->13->14->15->16->17->18->19->20->21->
> 
> return: 12
> vtid: 13
> 1->2->3->4->5->6->7->8->9->10->11->12->13->14->15->16->17->18->19->20->21->
> 
> return: 13
> vtid: 14
> 1->2->3->4->5->6->7->8->9->10->11->12->13->14->15->16->17->18->19->20->21->
> 
> return: 14
> vtid: 15
> 1->2->3->4->5->6->7->8->9->10->11->12->13->14->15->16->17->18->19->20->21->
> 
> return: 15
> vtid: 16
> 1->2->3->4->5->6->7->8->9->10->11->12->13->14->15->16->17->18->19->20->21->
> 
> return: 16
> vtid: 17
> 1->2->3->4->5->6->7->8->9->10->11->12->13->14->15->16->17->18->19->20->21->
> 
> return: 17
> vtid: 18
> 1->2->3->4->5->6->7->8->9->10->11->12->13->14->15->16->17->18->19->20->21->
> 
> return: 18
> vtid: 19
> 1->2->3->4->5->6->7->8->9->10->11->12->13->14->15->16->17->18->19->20->21->
> 
> return: 19
> vtid: 20
> 1->2->3->4->5->6->7->8->9->10->11->12->13->14->15->16->17->18->19->20->21->
> 
> return: 20
> vtid: 21
> 1->2->3->4->5->6->7->8->9->10->11->12->13->14->15->16->17->18->19->20->21->
> 
> return: 21
> vtid: 1
> 1->2->3->4->5->6->7->8->9->10->11->12->13->14->15->16->17->18->19->20->21->
> 
> return: 1
> vtid: 3
> 1->2->3->4->5->6->7->8->9->10->11->12->13->14->15->16->17->18->19->20->21->
> 
> return: 3
> vtid: 4
> 1->2->3->4->5->6->7->8->9->10->11->12->13->14->15->16->17->18->19->20->21->
> 
> return: 4
> vtid: 5
> 1->2->3->4->5->6->7->8->9->10->11->12->13->14->15->16->17->18->19->20->21->
> 
> return: 5
> vtid: 6
> 1->2->3->4->5->6->7->8->9->10->11->12->13->14->15->16->17->18->19->20->21->
> 
> return: 6
> vtid: 7
> 1->2->3->4->5->6->7->8->9->10->11->12->13->14->15->16->17->18->19->20->21->
> 
> return: 7
> vtid: 8
> 1->2->3->4->5->6->7->8->9->10->11->12->13->14->15->16->17->18->19->20->21->
> 
> return: 8
> vtid: 9
> 1->2->3->4->5->6->7->8->9->10->11->12->13->14->15->16->17->18->19->20->21->
> 
> return: 9
> vtid: 10
> 1->2->3->4->5->6->7->8->9->10->11->12->13->14->15->16->17->18->19->20->21->
> 
> return: 10
> vtid: 11
> 1->2->3->4->5->6->7->8->9->10->11->12->13->14->15->16->17->18->19->20->21->
> 
> return: 11
> vtid: 12
> 1->2->3->4->5->6->7->8->9->10->11->12->13->14->15->16->17->18->19->20->21->
> 
> return: 12
> vtid: 13
> 1->2->3->4->5->6->7->8->9->10->11->12->13->14->15->16->17->18->19->20->21->
> 
> return: 13
> vtid: 14
> 1->2->3->4->5->6->7->8->9->10->11->12->13->14->15->16->17->18->19->20->21->
> 
> return: 14
> vtid: 15
> 1->2->3->4->5->6->7->8->9->10->11->12->13->14->15->16->17->18->19->20->21->
> 
> return: 15
> vtid: 16
> 1->2->3->4->5->6->7->8->9->10->11->12->13->14->15->16->17->18->19->20->21->
> 
> return: 16
> vtid: 17
> 1->2->3->4->5->6->7->8->9->10->11->12->13->14->15->16->17->18->19->20->21->
> 
> return: 17
> vtid: 18
> 1->2->3->4->5->6->7->8->9->10->11->12->13->14->15->16->17->18->19->20->21->
> 
> return: 18
> vtid: 19
> 1->2->3->4->5->6->7->8->9->10->11->12->13->14->15->16->17->18->19->20->21->
> 
> return: 19
> vtid: 20
> 1->2->3->4->5->6->7->8->9->10->11->12->13->14->15->16->17->18->19->20->21->
> 
> return: 20
> vtid: 21
> 1->2->3->4->5->6->7->8->9->10->11->12->13->14->15->16->17->18->19->20->21->
> 
> return: 21
> vtid: 2
> 1215444920->2->3->4->5->6->7->8->9->10->11->12->13->14->15->16->17->18->19->20->21->
> 
> return: 2
> vtid: 3
> 1215444920->2->3->4->5->6->7->8->9->10->11->12->13->14->15->16->17->18->19->20->21->
> 
> return: 3
> vtid: 4
> 1215444920->2->3->4->5->6->7->8->9->10->11->12->13->14->15->16->17->18->19->20->21->
> 
> return: 4
> vtid: 5
> 1215444920->2->3->4->5->6->7->8->9->10->11->12->13->14->15->16->17->18->19->20->21->
> 
> return: 5
> vtid: 6
> 1215444920->2->3->4->5->6->7->8->9->10->11->12->13->14->15->16->17->18->19->20->21->
> 
> return: 6
> vtid: 7
> 1215444920->2->3->4->5->6->7->8->9->10->11->12->13->14->15->16->17->18->19->20->21->
> 
> return: 7
> vtid: 8
> 1215444920->2->3->4->5->6->7->8->9->10->11->12->13->14->15->16->17->18->19->20->21->
> 
> return: 8
> vtid: 9
> 1215444920->2->3->4->5->6->7->8->9->10->11->12->13->14->15->16->17->18->19->20->21->
> 
> return: 9
> vtid: 10
> 1215444920->2->3->4->5->6->7->8->9->10->11->12->13->14->15->16->17->18->19->20->21->
> 
> return: 10
> vtid: 11
> 1215444920->2->3->4->5->6->7->8->9->10->11->12->13->14->15->16->17->18->19->20->21->
> 
> return: 11
> vtid: 12
> 1215444920->2->3->4->5->6->7->8->9->10->11->12->13->14->15->16->17->18->19->20->21->
> 
> return: 12
> vtid: 13
> 1215444920->2->3->4->5->6->7->8->9->10->11->12->13->14->15->16->17->18->19->20->21->
> 
> return: 13
> vtid: 14
> 1215444920->2->3->4->5->6->7->8->9->10->11->12->13->14->15->16->17->18->19->20->21->
> 
> return: 14
> vtid: 15
> 1215444920->2->3->4->5->6->7->8->9->10->11->12->13->14->15->16->17->18->19->20->21->
> 
> return: 15
> vtid: 16
> 1215444920->2->3->4->5->6->7->8->9->10->11->12->13->14->15->16->17->18->19->20->21->
> 
> return: 16
> vtid: 17
> 1215444920->2->3->4->5->6->7->8->9->10->11->12->13->14->15->16->17->18->19->20->21->
> 
> return: 17
> vtid: 18
> 1215444920->2->3->4->5->6->7->8->9->10->11->12->13->14->15->16->17->18->19->20->21->
> 
> return: 18
> vtid: 19
> 1215444920->2->3->4->5->6->7->8->9->10->11->12->13->14->15->16->17->18->19->20->21->
> 
> return: 19
> vtid: 20
> 1215444920->2->3->4->5->6->7->8->9->10->11->12->13->14->15->16->17->18->19->20->21->
> 
> return: 20
> vtid: 2
> 1215444920->2->3->4->5->6->7->8->9->10->11->12->13->14->15->16->17->18->19->20->21->
> 
> return: 2
> vtid: 4
> 1215444920->2->3->4->5->6->7->8->9->10->11->12->13->14->15->16->17->18->19->20->21->
> 
> return: 4
> vtid: 5
> 1215444920->2->3->4->5->6->7->8->9->10->11->12->13->14->15->16->17->18->19->20->21->
> 
> return: 5
> vtid: 6
> 1215444920->2->3->4->5->6->7->8->9->10->11->12->13->14->15->16->17->18->19->20->21->
> 
> return: 6
> vtid: 7
> 1215444920->2->3->4->5->6->7->8->9->10->11->12->13->14->15->16->17->18->19->20->21->
> 
> return: 7
> vtid: 8
> 1215444920->2->3->4->5->6->7->8->9->10->11->12->13->14->15->16->17->18->19->20->21->
> 
> return: 8
> vtid: 9
> 1215444920->2->3->4->5->6->7->8->9->10->11->12->13->14->15->16->17->18->19->20->21->
> 
> return: 9
> vtid: 10
> 1215444920->2->3->4->5->6->7->8->9->10->11->12->13->14->15->16->17->18->19->20->21->
> 
> return: 10
> vtid: 11
> 1215444920->2->3->4->5->6->7->8->9->10->11->12->13->14->15->16->17->18->19->20->21->
> 
> return: 11
> vtid: 12
> 1215444920->2->3->4->5->6->7->8->9->10->11->12->13->14->15->16->17->18->19->20->21->
> 
> return: 12
> vtid: 13
> 1215444920->2->3->4->5->6->7->8->9->10->11->12->13->14->15->16->17->18->19->20->21->
> 
> return: 13
> vtid: 14
> 1215444920->2->3->4->5->6->7->8->9->10->11->12->13->14->15->16->17->18->19->20->21->
> 
> return: 14
> vtid: 15
> 1215444920->2->3->4->5->6->7->8->9->10->11->12->13->14->15->16->17->18->19->20->21->
> 
> return: 15
> vtid: 16
> 1215444920->2->3->4->5->6->7->8->9->10->11->12->13->14->15->16->17->18->19->20->21->
> 
> return: 16
> vtid: 17
> 1215444920->2->3->4->5->6->7->8->9->10->11->12->13->14->15->16->17->18->19->20->21->
> 
> return: 17
> vtid: 18
> 1215444920->2->3->4->5->6->7->8->9->10->11->12->13->14->15->16->17->18->19->20->21->
> 
> return: 18
> vtid: 19
> 1215444920->2->3->4->5->6->7->8->9->10->11->12->13->14->15->16->17->18->19->20->21->
> 
> return: 19
> vtid: 20
> 1215444920->2->3->4->5->6->7->8->9->10->11->12->13->14->15->16->17->18->19->20->21->
> 
> return: 20
> vtid: 21
> 1215444920->2->3->4->5->6->7->8->9->10->11->12->13->14->15->16->17->18->19->20->21->
> 
> return: 21
> vtid: 3
> 1215444920->3->4->5->6->7->8->9->10->11->12->13->14->15->16->17->18->19->20->21->
> 
> return: 3
> vtid: 5
> 1215444920->3->4->5->6->7->8->9->10->11->12->13->14->15->16->17->18->19->20->21->
> 
> return: 5
> vtid: 6
> 1215444920->3->4->5->6->7->8->9->10->11->12->13->14->15->16->17->18->19->20->21->
> 
> return: 6
> vtid: 7
> 1215444920->3->4->5->6->7->8->9->10->11->12->13->14->15->16->17->18->19->20->21->
> 
> return: 7
> vtid: 8
> 1215444920->3->4->5->6->7->8->9->10->11->12->13->14->15->16->17->18->19->20->21->
> 
> return: 8
> vtid: 9
> 1215444920->3->4->5->6->7->8->9->10->11->12->13->14->15->16->17->18->19->20->21->
> 
> return: 9
> vtid: 10
> 1215444920->3->4->5->6->7->8->9->10->11->12->13->14->15->16->17->18->19->20->21->
> 
> return: 10
> vtid: 11
> 1215444920->3->4->5->6->7->8->9->10->11->12->13->14->15->16->17->18->19->20->21->
> 
> return: 11
> vtid: 12
> 1215444920->3->4->5->6->7->8->9->10->11->12->13->14->15->16->17->18->19->20->21->
> 
> return: 12
> vtid: 13
> 1215444920->3->4->5->6->7->8->9->10->11->12->13->14->15->16->17->18->19->20->21->
> 
> return: 13
> vtid: 14
> 1215444920->3->4->5->6->7->8->9->10->11->12->13->14->15->16->17->18->19->20->21->
> 
> return: 14
> vtid: 15
> 1215444920->3->4->5->6->7->8->9->10->11->12->13->14->15->16->17->18->19->20->21->
> 
> return: 15
> vtid: 16
> 1215444920->3->4->5->6->7->8->9->10->11->12->13->14->15->16->17->18->19->20->21->
> 
> return: 16
> vtid: 17
> 1215444920->3->4->5->6->7->8->9->10->11->12->13->14->15->16->17->18->19->20->21->
> 
> return: 17
> vtid: 18
> 1215444920->3->4->5->6->7->8->9->10->11->12->13->14->15->16->17->18->19->20->21->
> 
> return: 18
> vtid: 19
> 1215444920->3->4->5->6->7->8->9->10->11->12->13->14->15->16->17->18->19->20->21->
> 
> return: 19
> vtid: 20
> 1215444920->3->4->5->6->7->8->9->10->11->12->13->14->15->16->17->18->19->20->21->
> 
> return: 20
> vtid: 21
> 1215444920->3->4->5->6->7->8->9->10->11->12->13->14->15->16->17->18->19->20->21->
> 
> return: 21
> vtid: 4
> 1215444920->4->5->6->7->8->9->10->11->12->13->14->15->16->17->18->19->20->21->
> 
> return: 4
> vtid: 6
> 1215444920->4->5->6->7->8->9->10->11->12->13->14->15->16->17->18->19->20->21->
> 
> return: 6
> vtid: 7
> 1215444920->4->5->6->7->8->9->10->11->12->13->14->15->16->17->18->19->20->21->
> 
> return: 7
> vtid: 8
> 1215444920->4->5->6->7->8->9->10->11->12->13->14->15->16->17->18->19->20->21->
> 
> return: 8
> vtid: 9
> 1215444920->4->5->6->7->8->9->10->11->12->13->14->15->16->17->18->19->20->21->
> 
> return: 9
> vtid: 10
> 1215444920->4->5->6->7->8->9->10->11->12->13->14->15->16->17->18->19->20->21->
> 
> return: 10
> vtid: 11
> 1215444920->4->5->6->7->8->9->10->11->12->13->14->15->16->17->18->19->20->21->
> 
> return: 11
> vtid: 12
> 1215444920->4->5->6->7->8->9->10->11->12->13->14->15->16->17->18->19->20->21->
> 
> return: 12
> vtid: 13
> 1215444920->4->5->6->7->8->9->10->11->12->13->14->15->16->17->18->19->20->21->
> 
> return: 13
> vtid: 14
> 1215444920->4->5->6->7->8->9->10->11->12->13->14->15->16->17->18->19->20->21->
> 
> return: 14
> vtid: 15
> 1215444920->4->5->6->7->8->9->10->11->12->13->14->15->16->17->18->19->20->21->
> 
> return: 15
> vtid: 16
> 1215444920->4->5->6->7->8->9->10->11->12->13->14->15->16->17->18->19->20->21->
> 
> return: 16
> vtid: 17
> 1215444920->4->5->6->7->8->9->10->11->12->13->14->15->16->17->18->19->20->21->
> 
> return: 17
> vtid: 18
> 1215444920->4->5->6->7->8->9->10->11->12->13->14->15->16->17->18->19->20->21->
> 
> return: 18
> vtid: 19
> 1215444920->4->5->6->7->8->9->10->11->12->13->14->15->16->17->18->19->20->21->
> 
> return: 19
> vtid: 20
> 1215444920->4->5->6->7->8->9->10->11->12->13->14->15->16->17->18->19->20->21->
> 
> return: 20
> vtid: 21
> 1215444920->4->5->6->7->8->9->10->11->12->13->14->15->16->17->18->19->20->21->
> 
> return: 21
> vtid: 5
> 1215444920->5->6->7->8->9->10->11->12->13->14->15->16->17->18->19->20->21->
> 
> return: 5
> vtid: 7
> 1215444920->5->6->7->8->9->10->11->12->13->14->15->16->17->18->19->20->21->
> 
> return: 7
> vtid: 8
> 1215444920->5->6->7->8->9->10->11->12->13->14->15->16->17->18->19->20->21->
> 
> return: 8
> vtid: 9
> 1215444920->5->6->7->8->9->10->11->12->13->14->15->16->17->18->19->20->21->
> 
> return: 9
> vtid: 10
> 1215444920->5->6->7->8->9->10->11->12->13->14->15->16->17->18->19->20->21->
> 
> return: 10
> vtid: 11
> 1215444920->5->6->7->8->9->10->11->12->13->14->15->16->17->18->19->20->21->
> 
> return: 11
> vtid: 12
> 1215444920->5->6->7->8->9->10->11->12->13->14->15->16->17->18->19->20->21->
> 
> return: 12
> vtid: 13
> 1215444920->5->6->7->8->9->10->11->12->13->14->15->16->17->18->19->20->21->
> 
> return: 13
> vtid: 14
> 1215444920->5->6->7->8->9->10->11->12->13->14->15->16->17->18->19->20->21->
> 
> return: 14
> vtid: 15
> 1215444920->5->6->7->8->9->10->11->12->13->14->15->16->17->18->19->20->21->
> 
> return: 15
> vtid: 16
> 1215444920->5->6->7->8->9->10->11->12->13->14->15->16->17->18->19->20->21->
> 
> return: 16
> vtid: 17
> 1215444920->5->6->7->8->9->10->11->12->Launching LWPS
> 13->  1
> 14->     2
> 15->        3
> 16->           4
> 17->              5
> 18->                 6
> 19->                    7
> 20->                       8
> 21->                          9
> 
11a514,515
> 
> return: 17
12a517
> vtid: 18
14,23c519,529
<                                      13
<                                         14
<                                            15
<                                               16
<                                                  17
<                                                     18
<                                                        19
<                                                           20
<         3
<            4
---
> 1215444920->5->                                     13
> 6->7->                                        14
> 8->9->                                           15
> 10->11->                                              16
> 12->13->                                                 17
> 14->15->                                                    18
> 16->17->                                                       19
> 18->19->                                                          20
> 20->        3
> 21->           4
> 
24a531,532
> 
> return: 18
25a534
> vtid: 19
27,38c536,550
<                        8
<                           9
<                             10
<                                11
<                                   12
<                                      13
<                                         14
<                                            15
<                                               16
<                                                  17
<                                                     18
<                                                        19
---
> 1215444920->                       8
> 5->                          9
> 6->                            10
> 7->                               11
> 8->                                  12
> 9->                                     13
> 10->11->                                        14
> 12->13->                                           15
> 14->15->                                              16
> 16->17->                                                 17
> 18->19->                                                    18
> 20->21->                                                       19
> 
> 
> return: 19
39a552
> vtid: 20
41,52c554,568
<         3
<            4
<               5
<                  6
<                     7
<                        8
<                           9
<                             10
<                                11
<                                   12
<                                      13
<                                         14
---
> 1215444920->        3
> 5->           4
> 6->              5
> 7->                 6
> 8->                    7
> 9->                       8
> 10->11->                          9
> 12->13->                            10
> 14->15->                               11
> 16->17->                                  12
> 18->19->                                     13
> 20->21->                                        14
> 
> 
> return: 20
54,63c570,580
<                                               16
<                                                  17
<                                                     18
<                                                        19
<                                                           20
<            4
<               5
<                  6
<                     7
<                        8
---
> vtid: 21
> 1215444920->                                              16
> 5->6->                                                 17
> 7->8->9->                                                    18
> 10->11->                                                       19
> 12->13->14->                                                          20
> 15->           4
> 16->17->              5
> 18->                 6
> 19->20->                    7
> 21->                       8
67a585
> 
68a587,588
> 
> return: 21
85a606
> vtid: 6
87,99c608,621
<                                               16
<                                                  17
<                                                     18
<                                                        19
<                                                           20
<                  6
<                     7
<                        8
<                           9
<                             10
<                                11
<                                   12
<                                      13
---
> 1215444920->                                              16
> 6->7->                                                 17
> 8->9->                                                    18
> 10->11->                                                       19
> 12->13->                                                          20
> 14->                 6
> 15->                    7
> 16->                       8
> 17->                          9
> 18->                            10
> 19->                               11
> 20->                                  12
> 21->                                     13
> 
100a623,624
> 
> return: 6
101a626
> vtid: 8
103,110c628,638
<                                                  17
<                                                     18
<                                                        19
<                                                           20
<                     7
<                        8
<                           9
<                             10
---
> 1215444920->6->                                                 17
> 7->8->                                                    18
> 9->10->11->                                                       19
> 12->13->14->                                                          20
> 15->                    7
> 16->17->                       8
> 18->19->                          9
> 20->21->                            10
> 
> 
> return: 8
111a640
> vtid: 9
113,115c642,1025
<                                      13
<                                         14
<                                            15
---
> 1215444920->                                     13
> 6->                                        14
> 7->8->9->10->11->12->13->14->15->16->17->18->19->20->21->
> 
> return: 9
> vtid: 10
> 1215444920->6->7->8->9->10->11->12->13->14->15->16->17->18->19->20->21->
> 
> return: 10
> vtid: 11
> 1215444920->6->7->8->9->10->11->12->13->14->15->16->17->18->19->20->21->
> 
> return: 11
> vtid: 12
> 1215444920->6->7->8->9->10->11->12->13->14->15->16->17->18->19->20->21->
> 
> return: 12
> vtid: 13
> 1215444920->6->7->8->9->10->11->12->13->14->15->16->17->18->19->20->21->
> 
> return: 13
> vtid: 14
> 1215444920->6->7->8->9->10->11->12->13->14->15->16->17->18->19->20->21->
> 
> return: 14
> vtid: 15
> 1215444920->6->7->8->9->10->11->12->13->14->15->16->17->18->19->20->21->
> 
> return: 15
> vtid: 16
> 1215444920->6->7->8->9->10->11->12->13->14->15->16->17->18->19->20->21->
> 
> return: 16
> vtid: 17
> 1215444920->6->7->8->9->10->11->12->13->14->15->16->17->18->19->20->21->
> 
> return: 17
> vtid: 18
> 1215444920->6->7->8->9->10->11->12->13->14->15->16->17->18->19->20->21->
> 
> return: 18
> vtid: 19
> 1215444920->6->7->8->9->10->11->12->13->14->15->16->17->18->19->20->21->
> 
> return: 19
> vtid: 20
> 1215444920->6->7->8->9->10->11->12->13->14->15->16->17->18->19->20->21->
> 
> return: 20
> vtid: 21
> 1215444920->6->7->8->9->10->11->12->13->14->15->16->17->18->19->20->21->
> 
> return: 21
> vtid: 7
> 1215444920->7->8->9->10->11->12->13->14->15->16->17->18->19->20->21->
> 
> return: 7
> vtid: 9
> 1215444920->7->8->9->10->11->12->13->14->15->16->17->18->19->20->21->
> 
> return: 9
> vtid: 10
> 1215444920->7->8->9->10->11->12->13->14->15->16->17->18->19->20->21->
> 
> return: 10
> vtid: 11
> 1215444920->7->8->9->10->11->12->13->14->15->16->17->18->19->20->21->
> 
> return: 11
> vtid: 12
> 1215444920->7->8->9->10->11->12->13->14->15->16->17->18->19->20->21->
> 
> return: 12
> vtid: 13
> 1215444920->7->8->9->10->11->12->13->14->15->16->17->18->19->20->21->
> 
> return: 13
> vtid: 14
> 1215444920->7->8->9->10->11->12->13->14->15->16->17->18->19->20->21->
> 
> return: 14
> vtid: 15
> 1215444920->7->8->9->10->11->12->13->14->15->16->17->18->19->20->21->
> 
> return: 15
> vtid: 16
> 1215444920->7->8->9->10->11->12->13->14->15->16->17->18->19->20->21->
> 
> return: 16
> vtid: 17
> 1215444920->7->8->9->10->11->12->13->14->15->16->17->18->19->20->21->
> 
> return: 17
> vtid: 18
> 1215444920->7->8->9->10->11->12->13->14->15->16->17->18->19->20->21->
> 
> return: 18
> vtid: 19
> 1215444920->7->8->9->10->11->12->13->14->15->16->17->18->19->20->21->
> 
> return: 19
> vtid: 20
> 1215444920->7->8->9->10->11->12->13->14->15->16->17->18->19->20->21->
> 
> return: 20
> vtid: 21
> 1215444920->7->8->9->10->11->12->13->14->15->16->17->18->19->20->21->
> 
> return: 21
> vtid: 8
> 1215444920->8->9->10->11->12->13->14->15->16->17->18->19->20->21->
> 
> return: 8
> vtid: 10
> 1215444920->8->9->10->11->12->13->14->15->16->17->18->19->20->21->
> 
> return: 10
> vtid: 11
> 1215444920->8->9->10->11->12->13->14->15->16->17->18->19->20->21->
> 
> return: 11
> vtid: 12
> 1215444920->8->9->10->11->12->13->14->15->16->17->18->19->20->21->
> 
> return: 12
> vtid: 13
> 1215444920->8->9->10->11->12->13->14->15->16->17->18->19->20->21->
> 
> return: 13
> vtid: 14
> 1215444920->8->9->10->11->12->13->14->15->16->17->18->19->20->21->
> 
> return: 14
> vtid: 15
> 1215444920->8->9->10->11->12->13->14->15->16->17->18->19->20->21->
> 
> return: 15
> vtid: 16
> 1215444920->8->9->10->11->12->13->14->15->16->17->18->19->20->21->
> 
> return: 16
> vtid: 17
> 1215444920->8->9->10->11->12->13->14->15->16->17->18->19->20->21->
> 
> return: 17
> vtid: 18
> 1215444920->8->9->10->11->12->13->14->15->16->17->18->19->20->21->
> 
> return: 18
> vtid: 19
> 1215444920->8->9->10->11->12->13->14->15->16->17->18->19->20->21->
> 
> return: 19
> vtid: 20
> 1215444920->8->9->10->11->12->13->14->15->16->17->18->19->20->21->
> 
> return: 20
> vtid: 21
> 1215444920->8->9->10->11->12->13->14->15->16->17->18->19->20->21->
> 
> return: 21
> vtid: 9
> 1215444920->9->10->11->12->13->14->15->16->17->18->19->20->21->
> 
> return: 9
> vtid: 11
> 1215444920->9->10->11->12->13->14->15->16->17->18->19->20->21->
> 
> return: 11
> vtid: 12
> 1215444920->9->10->11->12->13->14->15->16->17->18->19->20->21->
> 
> return: 12
> vtid: 13
> 1215444920->9->10->11->12->13->14->15->16->17->18->19->20->21->
> 
> return: 13
> vtid: 14
> 1215444920->9->10->11->12->13->14->15->16->17->18->19->20->21->
> 
> return: 14
> vtid: 15
> 1215444920->9->10->11->12->13->14->15->16->17->18->19->20->21->
> 
> return: 15
> vtid: 16
> 1215444920->9->10->11->12->13->14->15->16->17->18->19->20->21->
> 
> return: 16
> vtid: 17
> 1215444920->9->10->11->12->13->14->15->16->17->18->19->20->21->
> 
> return: 17
> vtid: 18
> 1215444920->9->10->11->12->13->14->15->16->17->18->19->20->21->
> 
> return: 18
> vtid: 19
> 1215444920->9->10->11->12->13->14->15->16->17->18->19->20->21->
> 
> return: 19
> vtid: 20
> 1215444920->9->10->11->12->13->14->15->16->17->18->19->20->21->
> 
> return: 20
> vtid: 21
> 1215444920->9->10->11->12->13->14->15->16->17->18->19->20->21->
> 
> return: 21
> vtid: 10
> 1215444920->10->11->12->13->14->15->16->17->18->19->20->21->
> 
> return: 10
> vtid: 12
> 1215444920->10->11->12->13->14->15->16->17->18->19->20->21->
> 
> return: 12
> vtid: 13
> 1215444920->10->11->12->13->14->15->16->17->18->19->20->21->
> 
> return: 13
> vtid: 14
> 1215444920->10->11->12->13->14->15->16->17->18->19->20->21->
> 
> return: 14
> vtid: 15
> 1215444920->10->11->12->13->14->15->16->17->18->19->20->21->
> 
> return: 15
> vtid: 16
> 1215444920->10->11->12->13->14->15->16->17->18->19->20->21->
> 
> return: 16
> vtid: 17
> 1215444920->10->11->12->13->14->15->16->17->18->19->20->21->
> 
> return: 17
> vtid: 18
> 1215444920->10->11->12->13->14->15->16->17->18->19->20->21->
> 
> return: 18
> vtid: 19
> 1215444920->10->11->12->13->14->15->16->17->18->19->20->21->
> 
> return: 19
> vtid: 20
> 1215444920->10->11->12->13->14->15->16->17->18->19->20->21->
> 
> return: 20
> vtid: 21
> 1215444920->10->11->12->13->14->15->16->17->18->19->20->21->
> 
> return: 21
> vtid: 11
> 1215444920->11->12->13->14->15->16->17->18->19->20->21->
> 
> return: 11
> vtid: 13
> 1215444920->11->12->13->14->15->16->17->18->19->20->21->
> 
> return: 13
> vtid: 14
> 1215444920->11->12->13->14->15->16->17->18->19->20->21->
> 
> return: 14
> vtid: 15
> 1215444920->11->12->13->14->15->16->17->18->19->20->21->
> 
> return: 15
> vtid: 16
> 1215444920->11->12->13->14->15->16->17->18->19->20->21->
> 
> return: 16
> vtid: 17
> 1215444920->11->12->13->14->15->16->17->18->19->20->21->
> 
> return: 17
> vtid: 18
> 1215444920->11->12->13->14->15->16->17->18->19->20->21->
> 
> return: 18
> vtid: 19
> 1215444920->11->12->13->14->15->16->17->18->19->20->21->
> 
> return: 19
> vtid: 20
> 1215444920->11->12->13->14->15->16->17->18->19->20->21->
> 
> return: 20
> vtid: 21
> 1215444920->11->12->13->14->15->16->17->18->19->20->21->
> 
> return: 21
> vtid: 12
> 1215444920->12->13->14->15->16->17->18->19->20->21->
> 
> return: 12
> vtid: 14
> 1215444920->12->13->14->15->16->17->18->19->20->21->
> 
> return: 14
> vtid: 15
> 1215444920->12->13->14->15->16->17->18->19->20->21->
> 
> return: 15
> vtid: 16
> 1215444920->12->13->14->15->16->17->18->19->20->21->
> 
> return: 16
> vtid: 17
> 1215444920->12->13->14->15->16->17->18->19->20->21->
> 
> return: 17
> vtid: 18
> 1215444920->12->13->14->15->16->17->18->19->20->21->
> 
> return: 18
> vtid: 19
> 1215444920->12->13->14->15->16->17->18->19->20->21->
> 
> return: 19
> vtid: 20
> 1215444920->12->13->14->15->16->17->18->19->20->21->
> 
> return: 20
> vtid: 21
> 1215444920->12->13->14->15->16->17->18->19->20->21->
> 
> return: 21
> vtid: 13
> 1215444920->13->14->15->16->17->18->19->20->21->
> 
> return: 13
> vtid: 15
> 1215444920->13->14->15->16->17->18->19->20->21->
> 
> return: 15
> vtid: 16
> 1215444920->13->14->15->16->17->18->19->20->21->
> 
> return: 16
> vtid: 17
> 1215444920->13->14->15->16->17->18->19->20->21->
> 
> return: 17
> vtid: 18
> 1215444920->13->14->15->16->17->18->19->20->21->
> 
> return: 18
> vtid: 19
> 1215444920->13->14->15->16->17->18->19->20->21->
> 
> return: 19
> vtid: 20
> 1215444920->13->14->15->16->17->18->19->20->21->
> 
> return: 20
> vtid: 21
> 1215444920->13->14->15->16->17->18->19->20->21->
> 
> return: 21
> vtid: 14
> 1215444920->14->15->16->17->18->19->20->21->
> 
> return: 14
> vtid: 16
> 1215444920->14->15->16->17->18->19->20->21->
> 
> return: 16
> vtid: 17
> 1215444920->14->15->16->17->18->19->20->21->
> 
> return: 17
> vtid: 18
> 1215444920->14->15->16->17->18->19->20->21->
> 
> return: 18
> vtid: 19
> 1215444920->14->15->16->17->18->19->20->21->
> 
> return: 19
> vtid: 20
> 1215444920->14->15->16->17->18->19->20->                                           15
> 21->
116a1027,1028
> 
> return: 20
118,123c1030,1037
<                                                     18
<                                                        19
<                                                           20
<                        8
<                           9
<                             10
---
> vtid: 21
> 1215444920->                                                    18
> 14->15->16->                                                       19
> 17->18->                                                          20
> 19->                       8
> 20->                          9
> 21->                            10
> 
124a1039,1040
> 
> return: 21
142a1059
> vtid: 15
144,148c1061,1066
<                                                        19
<                                                           20
<                             10
<                                11
<                                   12
---
> 1215444920->15->                                                       19
> 16->17->                                                          20
> 18->                            10
> 19->                               11
> 20->                                  12
> 21->
149a1068,1069
> 
> return: 15
150a1071
> vtid: 17
152,155c1073,1079
<                                               16
<                                                  17
<                                                     18
<                                                        19
---
> 1215444920->15->                                              16
> 16->17->                                                 17
> 18->19->                                                    18
> 20->21->                                                       19
> 
> 
> return: 17
156a1081
> vtid: 18
158,162c1083,1088
<                                   12
<                                      13
<                                         14
<                                            15
<                                               16
---
> 1215444920->                                  12
> 15->                                     13
> 16->17->                                        14
> 18->                                           15
> 19->20->                                              16
> 21->
163a1090,1091
> 
> return: 18
164a1093
> vtid: 19
166,169c1095,1101
<                                                           20
<                                   12
<                                      13
<                                         14
---
> 1215444920->15->                                                          20
> 16->                                  12
> 17->18->19->                                     13
> 20->21->                                        14
> 
> 
> return: 19
170a1103
> vtid: 20
172,174c1105,1114
<                                                  17
<                                                     18
<                                                        19
---
> 1215444920->15->                                                 17
> 16->17->                                                    18
> 18->19->20->                                                       19
> 21->
> 
> return: 20
> vtid: 21
> 1215444920->15->16->17->18->19->20->21->
> 
> return: 21
187a1128
> vtid: 16
189,191c1130,1133
<                                                        19
<                                                           20
<                                            15
---
> 1215444920->16->                                                       19
> 17->18->                                                          20
> 19->20->                                           15
> 21->
192a1135,1136
> 
> return: 16
194,197c1138,1143
<                                                     18
<                                                        19
<                                                           20
<                                               16
---
> vtid: 18
> 1215444920->                                                    18
> 16->17->                                                       19
> 18->19->                                                          20
> 20->                                              16
> 21->
198a1145,1146
> 
> return: 18
199a1148,1203
> vtid: 19
> 1215444920->16->17->18->19->20->21->
> 
> return: 19
> vtid: 20
> 1215444920->16->17->18->19->20->21->
> 
> return: 20
> vtid: 21
> 1215444920->16->17->18->19->20->21->
> 
> return: 21
> vtid: 17
> 1215444920->17->18->19->20->21->
> 
> return: 17
> vtid: 19
> 1215444920->17->18->19->20->21->
> 
> return: 19
> vtid: 20
> 1215444920->17->18->19->20->21->
> 
> return: 20
> vtid: 21
> 1215444920->17->18->19->20->21->
> 
> return: 21
> vtid: 18
> 1215444920->18->19->20->21->
> 
> return: 18
> vtid: 20
> 1215444920->18->19->20->21->
> 
> return: 20
> vtid: 21
> 1215444920->18->19->20->21->
> 
> return: 21
> vtid: 19
> 1215444920->19->20->21->
> 
> return: 19
> vtid: 21
> 1215444920->19->20->21->
> 
> return: 21
> vtid: 20
> 1215444920->20->21->
> 
> return: 20
> vtid: 21
> 1215444920->20->21->
> 
> return: 21
---------
